1 3 4 6 7 8 9 10 11 1 13 14 1 16 17 18 19 0 1 3 4 6 7 8 9 30 31 3 33 34 3 36 37 38 39 40 41 4 43 44 4 46 47 48 0 9
1 3 4 5 6 7 8 9 10 11 1 13 14 15 16 17 18 19 0 1 2 3 4 5 6 7 8 9 30 3 33 34 35 37 38 39 40 41 43 44 45 47 48 49 50 4
1 2 3 5 6 7 8 9 10 11 12 13 1 15 16 17 18 19 20 21 22 23 2 25 26 27 28 29 30 31 33 3 35 36 37 38 1 2 3 4 5 6 7 8 9 50 3
Draw 1:
12
32
35
12
14
22
43
24
47
31
29
14
48
39
46
17
14
45
43
20
12
19
27
36
25
50
21
43
26
38
15
41
12
42
47
30
6
50
14
20
28
13
9
14
8
28
4
16
44
36
Draw 1:
30
39
45
2
19
49
12
21
46
22
8
44
45
45
13
34
23
17
15
50
41
42
33
12
3
8
3
25
27
23
5
3
23
16
29
49
26
11
39
14
32
3
45
31
45
18
28
12
40
11
